4829
8800
8305
3246
3559
5122
3249
3621
8116
8040
1894
1711
4095
7669
7696
7068
9047
6931
6815
1773
4378
4514
5975
7068
2247
4175
3596
1276
9908
9843
4391
9200
4099
1203
5506
3674
9346
8500
4703
1455
5621
1102
5046
3886
7982
6138
4939
2278
1294
8470
2696
3607
4705
6438
2101
5441
3173
1041
3593
9021
4927
6556
5631
5200
9559
6912
5985
7262
4844
3643
2396
7882
4803
1031
7895
5385
5887
2829
8740
3152
1990
8128
6084
5422
4278
9263
6166
8359
8835
4096
1090
9192
7407
3823
1506
6901
5251
1165
7627
7309
3409
2890
9216
3278
4417
9477
2922
1554
2125
4205
4378
3967
7345
7929
3223
4577
7331
6058
7774
2525
6661
9318
9892
1258
8391
7195
7925
7598
8464
8609
3868
6643
5719
8606
1390
8518
9317
1507
5147
9471
4323
7691
1024
4087
4682
4065
3955
6337
6286
9564
2145
6806
4593
9796
2784
9630
8159
6731
8123
3314
4378
5767
8180
4616
9742
6651
7667
7443
4293
9870
8766
8623
7265
4915
7908
7817
7357
5017
2781
6109
9814
4235
2480
2102
8702
8715
9919
5218
8139
2742
6704
8544
7126
8489
9953
7629
4924
7613
4085
1909
6482
3259
4288
7965
8278
3046
5321
4719
9887
3485
1147
1239
5368
6696
3764
6660
4001
3674
6070
5648
1932
4404
2058
9160
5626
4341
4647
9617
4504
9221
6538
9758
4389
6981
3309
7160
8010
9277
7099
4329
4010
1247
6138
7257
2955
6302
5033
2068
1649
7539
2124
7937
8918
6335
6673
5099
9512
2892
4800
5619
5159
7788
1170
6134
6115
7247
5017
2880
1413
1253
7499
8372
6433
5831
9146
4392
2929
6196
9415
9937
2398
2466
7584
2592
1172
7822
7664
1961
2626
6902
8960
9504
9946
3686
4164
3765
9513
8388
1133
4103
3798
9211
3465
7335
5141
4203
1515
3360
9122
3477
8817
1919
3003
1402
6287
5437
4375
2347
5111
4783
1093
8432
6230
2006
4248
4617
2459
1720
7162
4744
8730
4866
7315
6615
2908
7442
4559
2055
7103
8581
4714
3256
9252
5946
1870
4833
4344
7046
4694
1163
7562
5179
3987
3274
9771
5450
2208
4195
7613
5267
5047
8411
2720
7618
2771
7129
2878
3233
2456
5353
5770
7415
1311
8619
5198
7281
3078
9938
6897
2262
1794
8441
7881
8576
5233
2400
2328
4824
7932
8162
7931
9669
2622
5642
1048
9026
9767
9384
3913
5402
9961
7464
9392
4123
1853
2161
5581
9448
1696
7149
4906
4248
1422
5325
2067
8866
7797
2668
4551
2231
3636
4476
8657
4390
8268
2849
7388
5863
5598
7986
2341
6181
1960
9967
4741
7911
9521
7222
9266
8113
1367
5604
1180
9100
6528
3230
6053
2397
6113
9660
2304
4857
1087
2253
9133
1819
7950
5025
1651
9334
4930
5912
3614
7653
4966
2192
7148
9375
3137
7305
5578
3464
4194
6622
3788
9846
5851
9448
4880
6116
1134
2201
4561
2484
7554
2677
5994
1790
7420
2568
7543
7593
2820
1821
3131
7674
6244
8140
3640
6565
5401
8555
6208
6272
5895
1250
9957
4862
6528
3179
1688
2092
6935
2854
8218
2166
9441
1355
8766
1361
7667
5229
1447
6932
5351
9861
9031
3430
7506
4778
3470
5986
2562
7185
1194
4867
4962
6040
5444
7292
1461
3798
7191
4034
6736
9676
4526
6400
1022
8284
2073
6657
5545
4764
8373
6880
5813
9755
2895
5729
5660
3644
4652
6454
8923
5419
5128
3527
8028
1801
3953
6699
1156
5673
1656
7733
4753
1846
3800
2749
7232
7905
5433
8889
8888
6326
3243
7639
7200
8296
4743
2133
9338
9564
1470
3176
1497
2735
1935
6270
8496
3080
2647
6273
9566
6339
9076
4178
1214
2122
2545
8121
1463
1841
5517
4434
6937
8725
4500
1702
5691
6260
7998
1902
2353
4228
4322
1569
9977
9128
1764
5772
1095
3169
3035
5719
8632
9332
1215
5022
8449
1329
5301
3906
6360
4740
5116
5217
7552
8167
7244
4642
8086
8590
3367
9754
3019
5284
2924
3885
5908
9026
8921
7313
3521
1154
1495
9346
6777
5973
3249
8182
7462
4906
6815
1679
3039
6651
9072
8506
5755
2179
6028
9069
7445
7032
8303
4625
8712
7921
8694
4134
1573
2002
7665
3589
6393
2180
6116
3463
8002
5878
3960
8194
5339
8174
7924
5679
3358
3440
2011
2689
1451
5755
7490
4042
6166
5519
7412
3982
5182
7258
7982
7197
4991
8088
6047
8169
8898
2462
7998
6599
1290
5547
9492
1089
8577
3486
1277
8514
7323
4567
2219
2739
2145
1051
5706
7158
6943
6315
7966
6865
3905
3759
1009
9158
1026
8536
7374
1717
5511
4536
8975
9739
2574
6243
1263
7524
6914
6375
4450
2690
3210
3143
9733
3030
2662
3970
5321
8333
2753
8012
7923
7542
4975
3300
7826
2380
8904
9048
7861
6138
4592
8397
8769
1032
4341
8646
2299
1934
1204
5301
5444
2559
9535
8004
5071
5943
8153
8581
1187
2974
5675
7880
5764
2008
4955
5754
4441
1550
3057
2366
1161
5497
4046
6459
4753
1950
7362
4425
4084
2505
2402
7407
1424
3011
6247
2792
3198
4464
5816
4800
8542
7240
6374
3148
7533
3013
6848
5474
5985
5056
1020
6547
4785
4103
3222
4531
4248
1884
4160
3619
3001
4332
7444
7132
3168
1029
3123
4855
5103
4136
2776
7214
8537
6213
2773
1422
4645
8131
8983
3114
9760
6158
2026
9376
9056
2406
9757
9098
3342
9096
5953
5722
7186
8975
7959
4717
5720
9893
3767
4835
4484
8518
5207
6580
9070
6416
4118
4083
7555
6359
5880
5272
2186
1288
6770
8353
4960
2147
2396
6104
6062
2433
3761
7185
9859
2945
4798
1558
3473
2248
8467
3345
1134
2468
9253
6365
5072
8992
6022
7458
7415
5608
9278
8810
9444
5265
4887
1720
3442
3506
2580
4292
1933
3657
9718
9855
3288
6852
3052
3230
5240
1662
5457
8383
4657
1152
3583
1086
5323
2553
1614
9111
6095
7172
9982
1074
5076
8414
9050
4164
7812
8678
5132
1842
5018
4266
3329
2679
7674
4831
3067
3061
9145
3767
3318
9646
9338
6521
